704 621 783 679 765 676 734 772 750 838 931 961
715 642 699 680 742 717 759 770 695 805 854 934
728 667 780 697 695 697 747 806 686 835 867 868
619 637 764 666 663 662 743 745 726 824 834 874
648 633 736 691 642 623 656 698 670 762 801 836
597 560 625 573 609 573 586 711 644 740 748 802
564 517 624 611 587 564 640 629 588 650 694 768
564 472 575 531 500 514 582 615 638 616 656 674
537 427 555 490 476 472 528 569 510 548 650 653
496 454 453 424 432 427 474 528 475 549 511 573
403 362 391 404 387 372 449 477 398 504 491 571
384 364 387 357 406 354 381 440 407 468 489 542
393 354 368 356 380 357 410 437 415 469 426 583
333 363 383 378 346 347 365 410 378 472 431 485
326 325 342 341 310 302 347 392 373 440 435 505
347 339 334 345 332 314 332 374 366 381 432 492
355 307 311 313 322 317 325 301 345 400 377 440
346 308 317 320 314 287 333 340 339 391 379 443
