105
104
104
104
106
106
106
105
105
105
105
105
105
105
108
109
110
108
106
106
106
106
106
105
105
105
106
108
108
114
115
115
119
120
121
119
118
116
117
123
125
122
124
128
130
131
130
128
128
129
130
130
136
135
137
144
144
141
135
133
131
127
127
129
135
139
141
145
143
145
150
156
154
152
153
132
160
172
181
182
173
158
132
117
106
111
112
116
116
121
126
127
131
128
126
125
125
128
130
133
137
136
133
132
132
132
131
131
135
136
147
151
151
146
147
150
144
141
141
143
141
142
155
156
151
140
139
143
147
146
144
146
146
152
153
153
150
150
153
158
159
154
154
154
