55
42
49
45
33
53
52
29
36
34
39
40
27
42
81
81
52
34
57
52
31
30
55
66
41
70
46
55
64
35
33
30
26
31
28
35
27
41
80
70
45
28
28
45
34
32
79
52
48
85
64
47
32
33
51
77
37
32
40
31
42
59
80
66
62
49
54
45
57
77
52
35
27
42
40
68
42
26
38
32
66
80
55
30
32
39
74
47
27
37
34
52
54
59
49
45
49
36
44
66
78
77
79
50
57
52
50
44
53
77
63
42
29
48
64
76
60
50
53
36
67
56
33
55
49
67
73
63
62
37
50
65
65
62
62
36
57
63
61
38
47
62
64
66
59
50
59
57
69
84
68
62
70
80
77
66
59
66
60
66
83
78
68
64
71
83
79
76
74
72
64
64
77
75
67
66
68
62
55
79
82
79
71
78
88
74
81
75
68
82
71
66
78
72
80
71
73
73
67
53
51
65
71
68
74
73
86
49
51
70
70
71
72
73
71
66
60
60
62
61
67
73
66
76
76
71
69
72
64
68
63
62
64
69
72
73
84
66
65
64
58
65
66
62
59
64
73
84
84
76
63
65
64
76
68
67
66
58
54
59
65
69
71
65
76
69
83
70
59
63
59
58
58
61
63
55
81
83
76
73
79
80
86
73
62
60
65
71
80
85
83
67
56
65
79
52
56
47
65
75
71
70
54
56
47
54
58
58
56
74
56
41
41
53
61
55
49
68
61
45
39
43
36
41
50
52
60
59
59
56
57
55
47
34
39
45
42
62
45
60
47
51
49
41
40
42
35
42
45
40
33
24
31
34
43
34
32
39
39
31
26
28
29
43
29
41
66
57
38
34
33
36
27
44
59
40
34
52
77
48
65
42
32
27
35
81
44
31
30
26
29
32
32
45
51
73
83
45
48
25
31
50
82
42
28
33
44
34
38
41
51
80
48
40
56
76
70
61
60
67
62
80
42
54
86
55
63
42
48
55
55
50
43
68
64
55
44
30
38
65
42
46
45
23
29
44
75
32
47
56
57
59
29
30
25
39
72
40
38
75
30
55
52
38
64
82
84
75
68
49
69
43
50
58
66
43
41
70
69
53
46
72
49
65
63
52
73
52
57
57
54
74
82
77
81
72
38
72
74
56
66
70
76
84
68
44
61
65
69
59
58
78
78
60
63
57
58
68
68
57
63
67
65
64
81
62
82
72
74
69
75
83
71
87
74
68
76
71
71
65
76
80
73
68
62
69
73
72
70
65
83
75
73
72
78
75
71
71
71
66
67
73
83
84
84
74
83
76
81
86
81
66
72
73
69
67
61
67
69
61
60
57
64
65
75
83
68
72
77
74
68
79
83
80
74
71
72
66
64
67
71
65
71
64
66
70
69
55
78
66
62
62
55
72
76
79
74
69
71
82
87
79
63
61
76
84
62
53
58
62
55
53
56
74
83
61
67
64
77
84
70
67
81
87
51
38
42
59
62
60
64
55
60
48
61
67
66
68
61
69
85
81
66
65
72
68
77
63
67
53
63
62
66
70
70
43
44
56
60
73
36
42
54
51
59
52
51
72
84
61
60
50
48
50
60
86
78
59
69
50
48
44
42
51
51
58
60
78
55
35
60
65
65
73
62
59
36
43
51
61
65
53
41
48
82
51
40
27
28
33
45
44
54
45
47
77
34
35
29
37
38
45
39
28
34
46
63
65
33
50
56
59
32
35
33
43
48
42
60
47
48
38
25
31
29
40
39
28
40
52
71
39
39
50
77
42
26
51
73
44
61
50
49
73
31
31
37
50
36
31
41
58
64
69
54
33
38
45
54
51
28
30
22
25
39
30
27
22
25
42
50
39
60
77
38
50
51
51
53
57
57
63
74
65
37
49
59
62
69
55
62
56
62
46
48
75
67
68
63
56
60
65
72
67
84
49
34
54
36
44
67
67
45
48
56
79
71
68
59
58
31
43
49
43
56
48
75
54
70
41
52
62
57
62
82
52
44
56
58
74
73
64
57
57
60
58
65
69
64
64
78
76
66
68
75
58
40
60
62
57
64
63
74
58
71
80
83
67
69
75
70
72
82
76
87
72
67
73
68
63
77
82
82
80
87
85
63
82
79
73
65
75
82
80
60
68
68
64
66
73
80
74
69
75
70
65
66
64
61
63
61
60
60
63
69
69
62
58
52
71
69
62
63
57
65
70
68
65
65
68
75
77
73
75
65
63
68
81
81
75
69
74
80
84
81
66
74
72
71
69
73
72
64
68
67
73
69
58
51
69
66
74
84
81
76
70
66
68
47
58
76
77
55
58
52
46
60
62
70
64
61
65
68
39
56
45
53
61
80
87
65
59
61
68
75
68
54
60
64
74
51
62
60
85
82
59
50
60
53
51
57
49
36
56
47
37
32
48
56
51
47
48
51
66
66
59
70
60
41
45
46
60
48
39
55
60
77
50
48
45
42
52
45
47
43
58
76
54
45
50
51
59
84
59
35
36
35
45
43
53
59
63
64
54
50
49
72
33
35
34
44
42
36
30
32
43
43
73
48
27
27
29
37
60
58
36
29
35
83
62
52
66
46
30
57
50
54
64
26
24
34
25
32
28
43
42
31
36
42
29
31
51
31
26
41
36
39
48
40
31
28
48
35
38
64
60
46
52
76
59
63
51
51
70
80
44
37
45
80
67
58
51
55
32
58
66
34
36
51
46
32
35
72
79
58
82
72
57
74
74
47
64
71
88
61
52
43
38
47
75
66
62
73
62
59
58
61
74
85
80
77
30
45
35
37
72
71
61
76
78
67
61
66
64
73
70
46
60
56
71
86
69
46
61
84
83
85
66
72
87
71
80
71
60
73
82
68
73
74
63
53
57
63
68
68
69
83
84
89
78
70
71
78
68
70
88
72
71
70
75
77
72
76
81
80
68
70
71
67
65
69
66
74
74
75
63
68
72
72
73
72
71
74
74
59
63
65
66
69
74
74
70
84
66
66
66
66
70
73
69
72
66
64
74
84
69
71
70
68
65
78
90
88
86
73
86
82
85
81
76
74
68
73
74
75
75
64
46
59
71
63
66
70
74
77
68
74
80
74
84
84
73
52
63
60
37
53
78
88
83
53
55
61
69
86
74
83
71
75
69
45
57
76
70
50
57
64
63
65
58
64
77
89
70
69
64
58
55
46
55
47
55
65
45
52
61
57
41
56
57
57
63
58
62
69
84
75
56
29
37
43
36
47
68
67
61
75
78
54
39
49
69
56
61
66
38
32
50
69
61
50
56
63
72
53
57
75
65
44
56
60
66
51
54
53
28
24
35
41
54
30
29
34
37
31
38
35
39
45
76
50
30
46
37
40
27
36
40
51
55
39
54
84
81
50
40
40
39
57
62
82
76
36
44
48
57
60
40
44
33
34
33
53
48
58
49
56
45
23
29
32
71
30
40
75
70
76
69
80
57
55
36
53
75
47
77
34
50
59
49
27
31
56
63
40
47
38
47
56
49
37
76
31
53
73
33
46
38
35
40
51
75
40
39
59
45
43
51
54
40
46
49
63
56
70
51
57
73
65
56
61
75
64
36
56
85
51
29
35
42
43
42
52
52
55
74
82
80
81
57
63
71
70
50
30
40
62
79
50
57
52
57
68
63
70
66
62
61
76
86
83
83
70
62
66
63
77
80
63
74
69
70
77
48
67
76
73
77
71
74
73
72
90
86
72
78
73
62
62
75
66
81
82
87
79
75
74
81
72
75
70
66
53
64
65
58
62
59
71
72
65
60
81
83
79
81
74
66
76
79
77
72
77
71
79
75
78
74
79
74
77
76
85
77
72
76
66
59
54
65
65
64
64
67
68
58
62
54
58
62
61
59
76
88
71
72
68
66
67
65
68
70
70
44
49
79
65
53
70
59
53
63
65
48
62
62
56
62
61
61
68
63
73
77
68
82
74
67
76
85
86
64
42
55
46
59
59
70
60
53
69
63
55
52
52
52
61
71
71
85
51
53
70
61
67
71
72
42
52
55
63
68
69
67
72
87
65
72
76
51
39
70
49
61
57
49
57
64
63
75
68
71
59
53
72
61
59
79
62
71
66
35
41
50
57
78
68
42
54
42
59
57
32
34
35
30
39
52
43
43
54
45
54
39
52
47
33
35
41
41
49
30
35
39
34
36
49
68
44
31
37
31
29
43
51
47
51
27
37
42
42
30
41
54
55
43
53
69
64
55
53
41
37
34
42
54
71
76
66
71
57
70
65
59
67
60
43
42
58
58
62
67
72
80
76
75
72
63
61
73
80
78
60
72
77
41
51
51
47
64
69
38
59
63
61
44
38
67
78
83
60
50
59
61
36
50
56
71
40
55
83
72
71
43
51
62
62
72
73
36
70
68
73
55
55
71
62
70
82
54
44
42
65
86
56
48
45
41
51
61
64
59
77
53
44
55
77
58
33
44
49
61
61
54
70
87
55
48
75
87
60
74
71
51
67
65
55
54
53
56
58
66
55
59
61
67
60
63
65
65
83
76
75
60
76
75
70
71
72
81
60
59
72
78
76
80
74
73
71
74
78
77
76
79
75
78
64
74
75
79
75
68
70
69
68
61
62
61
60
65
63
64
71
64
59
76
82
74
71
73
69
68
68
65
63
64
77
76
72
73
70
70
65
64
60
67
71
66
66
67
68
71
65
64
66
62
62
64
63
64
61
62
51
66
67
57
79
65
62
67
71
70
69
67
86
67
59
68
73
68
68
83
65
59
56
87
85
53
79
72
64
64
80
70
64
66
65
82
85
59
76
75
69
70
62
59
54
62
65
77
63
56
70
79
70
41
73
64
81
79
82
45
39
52
54
56
61
62
43
41
43
59
51
62
67
48
72
58
53
60
67
73
68
46
60
68
58
55
39
40
48
57
63
37
53
60
57
49
45
45
54
44
72
79
54
57
49
45
47
50
58
65
37
41
36
35
30
46
40
51
39
33
41
48
40
39
34
25
33
46
27
31
37
28
36
52
39
26
36
41
31
28
34
42
65
34
37
28
30
40
34
28
30
42
46
40
48
56
42
37
70
31
74
76
41
57
58
49
59
54
41
56
51
55
57
67
49
32
47
78
73
51
29
25
35
42
74
59
45
29
34
40
49
55
58
43
24
32
41
48
75
79
63
47
52
39
31
37
42
46
49
42
43
39
35
28
35
46
50
74
57
64
29
39
41
51
53
41
55
72
53
65
64
81
47
48
41
62
49
48
54
64
42
61
59
59
65
79
55
45
63
80
85
75
47
30
47
66
59
53
56
62
71
66
71
55
65
69
88
88
70
55
57
81
70
69
70
60
68
75
64
74
79
68
79
72
58
72
85
78
75
75
70
66
66
61
70
81
83
70
60
63
63
72
69
63
67
61
69
67
67
64
67
68
65
62
60
65
62
64
78
79
68
57
62
65
66
66
66
77
78
77
77
69
69
76
73
74
70
70
67
66
67
67
58
66
68
63
66
64
59
77
72
86
85
78
72
77
78
77
68
70
65
75
75
75
74
73
76
70
60
65
65
69
72
66
66
66
66
68
73
66
72
86
82
69
61
51
59
68
61
59
58
62
51
54
36
44
80
74
43
44
62
74
60
63
59
65
75
60
62
58
60
61
72
85
76
77
64
36
45
57
62
63
60
50
63
59
68
74
84
71
61
51
57
77
73
69
64
55
41
36
55
83
68
43
45
58
47
36
41
50
53
52
66
73
65
85
41
42
56
61
70
66
44
49
54
47
56
61
46
34
41
49
38
47
57
33
38
38
32
29
31
46
29
36
43
45
29
39
28
35
33
29
44
47
46
28
39
33
38
35
39
43
50
79
77
78
77
51
53
40
42
36
29
26
35
37
24
32
33
41
67
82
40
28
42
43
33
40
73
62
54
67
41
37
41
36
53
81
42
83
49
28
41
86
76
85
65
64
91
87
72
66
89
83
69
37
34
51
45
42
84
89
40
39
27
38
70
79
45
31
40
47
37
52
60
35
46
69
30
37
49
31
40
41
47
76
59
61
87
65
64
71
64
68
66
67
77
94
72
68
77
94
78
69
74
74
84
95
87
54
70
61
63
78
65
42
38
42
62
86
58
67
58
49
54
63
85
73
65
72
56
53
67
74
67
68
73
68
74
64
69
74
67
71
90
73
74
83
75
66
68
89
80
64
84
69
72
84
73
73
72
59
64
71
68
68
73
81
82
77
74
81
91
79
69
71
73
82
81
75
71
67
68
74
70
79
82
85
76
72
71
70
74
72
74
70
68
71
66
67
74
71
82
71
66
61
69
75
79
71
76
74
69
69
77
68
67
67
70
66
63
65
63
64
65
68
69
70
72
81
73
78
69
76
69
74
68
68
64
61
62
66
72
75
78
77
84
72
79
82
89
72
80
66
61
70
74
75
63
75
83
70
74
78
79
65
63
65
72
50
39
67
62
51
74
87
64
56
58
64
74
39
55
60
60
79
61
54
65
62
42
41
41
63
94
69
53
45
47
78
86
62
45
42
49
75
49
59
54
40
57
75
62
55
72
40
58
65
74
68
55
76
72
50
44
43
42
33
36
35
37
39
48
71
52
69
64
33
33
47
69
49
39
51
37
40
60
74
90
48
45
41
33
31
44
45
45
58
69
44
36
45
46
85
53
59
54
36
42
42
50
71
53
74
49
36
29
44
36
36
41
60
73
37
53
36
84
71
34
32
43
39
49
55
52
70
37
32
53
45
34
29
42
33
35
27
40
78
62
65
31
35
54
57
40
52
41
43
48
25
42
60
58
54
46
42
65
66
64
33
46
57
68
76
38
79
74
75
72
84
61
89
76
58
67
77
59
27
43
54
64
49
50
50
54
55
57
67
43
56
77
32
42
74
49
61
34
28
39
62
64
40
44
54
48
52
31
29
47
54
82
72
76
65
70
66
61
63
63
93
72
70
52
47
67
71
64
65
71
88
56
59
66
62
61
69
66
65
65
65
69
76
90
93
88
77
86
77
73
75
88
88
75
75
76
76
87
65
72
71
73
71
66
72
83
82
71
73
72
69
69
69
65
66
71
65
67
77
75
67
66
62
77
76
85
80
76
77
71
83
78
77
80
73
68
75
74
80
66
69
75
67
61
67
66
62
67
71
67
67
67
67
78
78
83
69
76
65
69
57
66
62
66
68
70
69
82
84
75
75
85
70
70
77
66
73
73
85
69
46
54
56
64
67
69
65
77
92
71
47
59
59
65
81
88
71
76
93
89
81
76
73
75
73
55
35
55
85
61
49
58
70
92
80
74
71
83
93
84
53
56
79
69
55
56
76
74
76
51
59
81
50
66
73
56
50
46
51
67
62
62
54
35
38
46
51
50
51
66
51
43
43
34
46
59
59
53
68
59
53
47
46
48
60
45
34
43
42
43
32
41
65
89
82
64
43
47
39
45
59
66
32
39
48
54
48
46
44
48
37
37
46
59
59
30
46
52
35
31
44
47
41
44
40
42
50
51
35
49
54
49
35
39
43
69
44
52
66
70
75
35
33
37
86
58
38
51
49
47
83
79
43
36
34
37
44
35
35
48
50
48
47
78
62
79
89
57
47
85
31
35
36
47
37
35
43
79
47
41
49
50
62
43
83
38
37
37
37
43
57
79
52
50
79
32
34
54
90
69
42
57
44
48
54
50
26
19
33
55
53
45
57
78
61
64
87
78
54
54
56
58
56
52
67
89
72
62
56
31
71
73
60
65
59
32
34
56
85
69
69
44
38
49
61
66
87
71
66
66
68
73
80
71
68
64
59
54
60
70
65
77
90
93
90
82
79
88
89
69
56
60
62
71
72
58
65
73
82
69
82
82
74
79
88
87
76
71
68
76
89
84
73
89
68
88
84
78
63
76
72
67
74
74
81
84
81
80
75
71
72
66
72
69
57
61
69
70
71
63
61
64
64
64
65
67
80
86
69
79
76
86
73
80
81
72
67
70
71
71
71
68
74
81
87
91
82
80
78
89
73
72
72
75
77
86
82
73
78
85
65
65
63
65
69
64
49
45
63
59
62
57
75
78
64
65
64
54
60
78
78
70
63
89
76
64
63
69
63
66
61
79
57
66
74
53
48
58
69
84
90
81
67
75
72
69
36
43
59
65
85
81
48
45
59
73
44
51
76
61
62
82
50
42
42
48
58
44
38
70
72
66
61
64
85
89
71
76
86
75
92
45
38
73
56
53
45
54
49
45
72
49
55
51
48
75
51
38
45
73
66
42
43
56
47
38
38
51
89
74
63
