0
0
0
0
0
0
0
0
0
0
0
0
0
0
22.5
47
0
0
0
0
0
0
1
0
0
6.5
0
0
0
0
0
0
0
0
0
0
0
0
3
0
0
0
0
0
0
0
14
0
1
13
0.5
0
0
0
7
9.5
0
0
0
0
0
2
20.5
0
0
0
0
0
0
10
0
0
0
0
0
2.5
0
0
0
0
0
19.5
1.5
0
0
0
15
0
0
0
0
0
3
19
0
0
0
0
0
0
17.5
7.5
3
0
0
0
0
0
0
11
6.5
0
0
0
0.5
13
0
0
0
0
1.5
10.5
0
0
0
13
4
0
0
0
0
1.5
0
0
9
0
0
0
0
0
0
1
37
30.5
3
0
0
0
0
50
19.5
0
6.5
11.5
18.5
0
0
0
0
0
20.5
0.5
0
0
0
20
4
0.5
0
0
0
0
25
2
0
0
0
0
0
10.5
51
1.5
0
14.5
60
2.5
19
0
0.5
41
13
0
0
0
0
0
0
0
0
0
0
0
0
0.5
0
20.5
74.5
0
0
0
0
0
0
0
0
0
0
0
0
0
0
0.5
0
11.5
25
0
21.5
2.5
0
0
0
0
0
0
14.5
4.5
70
32
0
0
0
7.5
0
0
0
0
70
24
8
2.5
0
0
0
22
0.5
0
0
0.5
0
0
0
0
7.5
0
0
0
34
8.5
0
0
0
0
0
0
0
0
2
8.5
8
5.5
19
9
18.5
2.5
0
0
0
20.5
18.5
46.5
30.5
1
0
0
1
0
0
0
3
6.5
0
1
0
0
0
0
0
0
0
19.5
7
0
0
0
0
8
0
0
0
0
0
0
0
0
0
0
0
0
0
0
0
0
0
0
0
0
0
3.5
0
0
0
0
0
0
0
0
0
0
0
0
0
0
0
0
0
0
0
0
0
0
0
0
0
0
0
0
2.5
0
0
0
0
0
0
0
0
0
0
0.5
48.5
0.5
0
0
0
0
0
15
0
0
0
0
0
0
0
0
0
0
45
0
0
0
0
0
7
0
0
0
0
0
0
0
0
6.5
0.5
0
0
19
0
0
0
6
0
29
0
0
35.5
0.5
0
0
0
0
0
0
0
2.5
0
0
0
0
0
24
0
1
2
0
0
6.5
4.5
0
0
0
0
3
0
0
0
0
14.5
0
0
25.5
0
0
0.5
0
0
16.5
37.5
3
0.5
0
1
0
0
0
9.5
0
0
0
0.5
4
0
8.5
0.5
1
0
0
9
0
0
0
0
2.5
0
0
3
2.5
0
10
0.5
0
0.5
3.5
5.5
13.5
5.5
0
0
1
23.5
0
0
12
6.5
0
0
0
0
0
0
0
0
0
2.5
0
26.5
0
14.5
0
0
0
15.5
47.5
15
12
0
0
0
0
0
0
0
5
0
0
0
0
2
2.5
1
0
27.5
1
0
0
0.5
1
0
0
0.5
0
4
0
23.5
45
29.5
1
13.5
0
3
9
0.5
0
0
0
0
0
0
0
0
0
0
0
0
0
1.5
76
0
0
10.5
0
0
0.5
14
7.5
5
0
0
0
0
0
0
6.5
4.5
0
0
0
0
0
14
0
0
0
0
0.5
0
0
0
0
7
11
13.5
24
0
0
7.5
16.5
0
0
0
0
0
0
0
69
12.5
0
0
0
13
32.5
4.5
0
17
133.5
2
0
0
0
0
0
0
0
0
0
0
0
0
0
0
13.5
48
41
3
0
0
0
10
0
0
0
0
0
0
0
0
0
0
0
0
14.5
0
0
0
6.5
0
0
0
29
39
0
0
2
2.5
0
9
30.5
2
0
0
0
0
0
0
0
0
0
0
8.5
0
0
1
1.5
8.5
4
0
0
0
0
0
0
0
0
0
0
154.5
22.5
0
0
0
0
0
0
0
0
0
32
0
0
0
0
0
0
0
0
0
0
3
0
0
0
0.5
4.5
0
0
0
2
0
0
0
0
0
0
0
0
0
0
0
0
0
1.5
1
0
0
0
12.5
0
0
2.5
29
0
0
0
0
10.5
0
0
0
0
0
0
0
0
0
23.5
0
0
0
0
0
21.5
0
0
0
0
0
0
0
0
0
0
0
0
0
23.5
0
0
0
0
8.5
0
0
0
18.5
26
0
0
0
1
12.5
0
6
0
0
1.5
0
11.5
15
10
6
0
0
0
0
4.5
15.5
1
0
5
0
0
4
7.5
0
0
0
22
0
0
0
1.5
0
0
0
0
0
0
16
0
0.5
0
0
0
0
0
35.5
0
0
0
0
8.5
20
0
0
0
0
0
0
0.5
0
0
27
14.5
0
0
15
3.5
0
0
0
0
0
0
7
0
3.5
2.5
2
0
0
3
1.5
0.5
4
0
6.5
0
0
0
0
0
4.5
28.5
3
0
60.5
67.5
0
11.5
0.5
0
0
0.5
4.5
0.5
0
0
0.5
0
0
7
34
19
0
0.5
0
0
0
0
0
0
0
0
0
0
0
0
0
0
0
0
0
0
0
0
1
5
0
0
0
2
0.5
0
0.5
0
0
0
6
42
57.5
50
0
0
5
55
58
0
0
0
0
0
0
0
0
0
0
0
0
1
0
0
0
3.5
41.5
4
2
0
0
1
0
0
4
2.5
0
0
0
0
0
0
0
0
0
17.5
0.5
0
0
0
0
0
15
88.5
0
0
0
0.5
0.5
0
0
0
2
1.5
0
0
0.5
26.5
6
0
0
0
0
0
0
0
0
0
0
0
0
0
0
0
0
0
0
0
0
0
1.5
0
0
0
0
0
0
0
0
0
9.5
0
0
0
0
0
0
0
0
4
15
0
0
0
0
11.5
30
0.5
0
0
0
0
0
0
0
0
0
0
0
0
6
0
0
0
0
0
0
0
0
0
0
10.5
0
0
0
0
0
1
0
0
0
0
23
0
0
3
2
0
11.5
0
0
6.5
0
0
0
0
0
0
0
0
0
0
0
0
0
10.5
0.5
0
0
0
0
0
0.5
0
0
4
0
0
4
0
0
0
34.5
3
0
0
0
8.5
29.5
0.5
0
0
8
0
0
0
0
0
7.5
19.5
0
0
0
0
0
0
6
75.5
0
28
1.5
2.5
5.5
3.5
0
0
14
91.5
2.5
0
0
0
0
8
0
1
0.5
0
0
0
0
4.5
17
0
0
0
0
0
0
11
7.5
0
28.5
16
0
0
1
0
1.5
91.5
0
0
0
15.5
16
0
0
0
27.5
3.5
14
0
2
35
0.5
3
0
0
0
7.5
0
0
27.5
0
0
0
0
0
0
0
0
15.5
69
17
0
0
2.5
0
0
38.5
7.5
0
0
0
16
0
0
15
1
0
0
0
3
0
0
0
1
0
0.5
0
0
0
0
0
0
0
0
0
0
11.5
0
0
0
0
0
25.5
111.5
0
0
0
0
6
13.5
0
0
0
0
26
15
0
0
0
7.5
0
5.5
12.5
12
7
0
19
44.5
68.5
13.5
0
0
0
0
0
2.5
4
0
0
0
4.5
0
0
0
1
7.5
0
2
15.5
29
37
17.5
0
0
0
0
0
0
23.5
14.5
6.5
0
0
0
6.5
29.5
1.5
51
0
0.5
1.5
0
0
10
0
0
0
0
0
2.5
0
0
15.5
75
0
0.5
4
0
0
0
0
0
0
0
0
0
0
0.5
1.5
1
0.5
0
1
0
0
0
4
0
0
0
0
0
0
0
31.5
5
0
5
24
0
0
1.5
2
0
0
5
0
0
0
22.5
2.5
0
0
0
14
0
0
14
0
0
0
0
9
0
0
0
0
0
0
0
0
0
0
0
0
0
0
0
0
0
18
0
0
0.5
0
0
0
0
0
0
3.5
0
3.5
3.5
14
0
0
0
0
0
0
31
68
0
0
0
0
0
0
0
0
0
0
0
0
0
0
0
0
0
0
0
18.5
0
0
8
0.5
2.5
0.5
16.5
0
0
0
6
9.5
0
47.5
0
0
1
9
0
0
0.5
11.5
0
0
0
0
0
2.5
0
7.5
0
0
3.5
0
0
0
0
0
0
17.5
2.5
0
0
0
0
0
0
0
0
0
0
0
38
10.5
0
0
0
0
0
31.5
0
0
1.5
61
0
0
0
0
0
0
0
0
0
14.5
19.5
8.5
13
0
0
0
0
0.5
0
0
0
16
0
0
0
0
0
0
49.5
0.5
0
0
39.5
63.5
3.5
13.5
0
0
0
0
7
16.5
0
0
0
0
13.5
0
0
20.5
33.5
21.5
0
0
0
0
48
3
1
31.5
0
0
0
17.5
2.5
10
5.5
7
1.5
9
0
6.5
0
0.5
1
0
0
0
0
0
0
0
4.5
0
0
0
13
4.5
0.5
7
5
0
5
6
0
0
2
0
4
0
0
0
0
20
0
0
111.5
5
0
0
0
0
0
0
0
0
0
0
0
0
5
0.5
0
0
0
0
16
80
0
0
0
0
0
0
0
0
0.5
0
0
38
0
0
0.5
3.5
0
0
0
0
0
0
0
0
0
0
0
0
4
6.5
1
13.5
1.5
0
10.5
18.5
20
127
0
0
0
0
0
16
0
0
0
0
0
0
0
0
0
6
2
59
1.5
0
0
0
0
7.5
6.5
0
0
0
0
0
0
0
2
85
1.5
4.5
3.5
0
0
20
0
6.5
0
0
0
0
1
4
0
0
0
2.5
7
0
0
24
0
16.5
0
0
0
0
0
38.5
1.5
0
0
0
0
0
0
0
0
0
0
0
0
0
0
0
2
0
0
0
0
0
0
0
2.5
0
0
0
0
0
0
6.5
0
0
0
0
0
0
0
0
0
0
0
0
0
0
0
0
0
0
0
31.5
1.5
0.5
0
0
0
0
0
0
0
10
2
0.5
0
17
0.5
0
2
0
0
0
0
0
0
0
2.5
30
17
0.5
1
0
4.5
6
5
7.5
0
23
8
0
0
0
0
0
31.5
0
0
0
0
4.5
0
2
24.5
22.5
3
0
0
0
0
0
0
0
0
0
16
0
2.5
0
0
0
0
30.5
6.5
0
8
9.5
22
0
0
6.5
0.5
22
3
0
0
0
8
79
0
0
0
0
0
0
0
0
6
0
0
0
18.5
6.5
0
0
0
0
0
0
5.5
24.5
0
0
20
24.5
0
2.5
5.5
0
0
0.5
0
0
0
0
1
0
0
0
0
5.5
0
0
0
0
20.5
2
12.5
0
16.5
9.5
0
0
0
20.5
0
0
0
3
4
4
9
0.5
0
1
11
3
0.5
6
0
24
0
5
2.5
2.5
1.5
0
0
0
0
0
0
0
0
1
0
0
0.5
0
0
6.5
4.5
0
0
0
0
0
0
0
0
0
24.5
2
0
0.5
0
0
0
0
0
0
0
0
0
0
0
0
0
0
0
0
0
0
0
0
0
0
0
0
0
0
102
1
0
0
0
1
3
1.5
98
0
0
0
0.5
0
0
59.5
4.5
17.5
4.5
54
65
0
16
0.5
0
0
3
0
0
0
0
30
54
0
3
2.5
1
0
1.5
0
0
0
0
3
0
0
16
2
1.5
0
33.5
0
58.5
1
50.5
0
0
0
0
0
0
0
0
0
0
0
0
0
6.5
0
4
0.5
0
0
0
3.5
18.5
0
8
3
0
0
0
0
0
0.5
76
0
0
0
0
7.5
0
0
0
0
9.5
8.5
0
0
0
0
0
0
15
28.5
0
0
0
0
0
0
0
0
0
0
0
0
0
0
0
0
0
0
0
0
0
0
0
0
0
0
0
0
0
0
0
0
3.5
0
0
0
0
0
0
0
0
0
0
0
0
0
0
1
5.5
0
11
2.5
0
21
2.5
0
0
76.5
0
1
0
0
0
0
0
0
0
30
10.5
0
0
0
0
0
28
0.5
0
0
0
0
0
0
0
0
0
0
0
0
20
13.5
1.5
0
0
0
0
0
0
0
0
0
0
0
0
0
0
0
0
0.5
0
12
0.5
0
0
0
0
0
0
23
0
0
0
54
0
0
0
2
4
0
0
2
0
6
0
0
0
1
0
0
1
35
15.5
0
0
0
0
3.5
0
0
0
0
13.5
7
20.5
0
0
1
24
69.5
14
0
0
10
0
0
5.5
0
0
3
0
0
35.5
0
29.5
0
0
3.5
21.5
4.5
0
0
1
0
0
0
0
0
1.5
0
0
1
0
0
0
0
5.5
0
0
0
0
0
0
0
0
0
0
0
0
0
3.5
6
3
0
0
0
0
0
0
2.5
5
29
0
0
0
15.5
4.5
4.5
0
20
0
0
0
0
0
0
0
0
0
0
0
57
0
11
26
0
0
2.5
88.5
0.5
0
0
4.5
9.5
2
27
19
2
15
14.5
0
0
0
0
0
0
0
0
0
5
0
0
0.5
21
124
5
0
0
0
0
0
0
0
0
0
0
0
0
53.5
3
1.5
0
0
6
0
0
0
4
2
8
0
0
0
0
4
37.5
0
0
0
0
0
0
0
0
0
0
0
0
0
1.5
7
0
1
0
0
19
0
0
5.5
0.5
0
0
0
78
0
0
0
0
0
0
0
0
0
0
0
4.5
1.5
35
0
0
9.5
0
3.5
4
0
0
0
0
1.5
0
0
0
0
0
0
0
0
0
0
0
0
0
0
0
0
0
0
0
0
0
0
0
0
0
0
0
0
0
0
0
0
0
0
0
0
9
15
3
22.5
0.5
0
0
0
0
0
0
0
0
0
0
0
0
4
28.5
0
0
0
0
0
0
3.5
0
1
2
0.5
0
0
0
0
17
0
19
0
0
0
18.5
0
10
0.5
0.5
37
3
0
0
26.5
19.5
0
0
0
0
0
0
24
1
0
0
0
0
11
3.5
0
0
0
0
0
0
8
0
0
21.5
0
0
0.5
0
0
0
0
16
0
4
32
0
0
1.5
0
0
0
0
5.5
9
1
0
1
26.5
0
0
0
0.5
37
121.5
5
0
1
0
0
7.5
3.5
0
0
0
0
11.5
0
0
4.5
0
0
0
33
0
0
0
0
0
5.5
0.5
0
0
1.5
0
0.5
0
0
4
0
1
29.5
1
1
11.5
1
0
0
6.5
7
0
72.5
0
0
48
0
0
0
0
0
0
0
0
7.5
8
9
3
0
8
23
6
0
0
0
2
11.5
41
0
0
0
0
0
7
4
0
0
0
0
0
0
0
0
0
0
0
0
0
0
0
15.5
0
0
0
0
0
0.5
0
1
0
0
0
8
0
0
0
0
0
0
0
0
0
0
0
0
0
22.5
17.5
0.5
4.5
0
2
0
0
0
0
0
0
0
0
0
3.5
8.5
5.5
36
0
16
10.5
45.5
21.5
7.5
0
0
0
0
13
0
0
13
30
0
8
13.5
0
0
0.5
0
0
0
0
0
0
19.5
21.5
13.5
0
0
0
6
0
0
0
0
20.5
8.5
0
0
0
0
0
0
0
41
0
0
0
0
14
3
0
0
0
0
60.5
0
0
0
0
0
5
0.5
0
26
0
0.5
3.5
0
0
2.5
1
1.5
0
0
0
0
0
0
0
0
0
0
2
0.5
1.5
0
0
0
0
16.5
0
0
0
0
0
2.5
1
40
0
0
0
0
0
0
0
0
0
0
0
0
0
0
64
0
0
0
0
0
0
0
3
0.5
2.5
0
0
0
0
0
0
0
0
0
0
0
0
16
0
0
0
0
0
0
8.5
0
3
0
0
0
0.5
0
0
0
0
0
0
0
2
0
16.5
0
0
0.5
0
0
0
0
0
0
0
0
4.5
7.5
0
0
0
0.5
1.5
1.5
0
0
0
0
5
0
5
0
0
0
2
0
53.5
60
0
0
99.5
9.5
0
0
0
0.5
0
0
0
0
0
0
0
0
7.5
23.5
0
0
25.5
3.5
0
0
0
0
0
5
4.5
0
0
0
0
0
0
0
0
20
4
0
0
0
2
0
0
4.5
12
0.5
0
0
0
0
0
0
0
0
2.5
1
0
0
0
0
0
0
0
0.5
0
0
4.5
7
41
11.5
0
26.5
0
0
1
9
13
0
1.5
3.5
0
37.5
2.5
0
0
0
0
0
0
0.5
2
0
7.5
4.5
0
0
0
0
0
36.5
0
0
10.5
1
0
0
0
0
24.5
1.5
0
0
19.5
0.5
7
0
0
0.5
0
0
0
0
10.5
0
0
0
0
0
3.5
6.5
0
0
0
0
0
0
0
26.5
0
7.5
0.5
3.5
4.5
35.5
0
0
0
0
0
0
0
14
24
0
0
46
0
1.5
3.5
0
0
0
78
16.5
0
0
0
0
0
0
0
4
38
6
0
0
0
0
4
35
0.5
2.5
30
0.5
0
0
0
0.5
0.5
0
0
0
69.5
176.5
0
0
2.5
61
0
0
0
2
14
36
0
0
5
0
0
0
0.5
0
5
0
0
4.5
0
0
0
1.5
0
0
0
0.5
0
0
0
0
0
0
0
0
0
14
0
0
0
0
0
0
0
0
0
0
0
0
0
0
9.5
0
0
0
0
0
0
0
9
26.5
12.5
0
0
0
0
0
0.5
1.5
0
0
0
0
0
0
0
0
0
0
0
15.5
4
0
0
0
0
0
0
0
0
0
0
0
2
1.5
0
0
0
0
0
0
0
1.5
0
0
0
0
5
0
0
0
29.5
1.5
0
0
0
0
28.5
67.5
0
0
0
0
0
0
0
0
0
0
0
7.5
18
1
15
1
1
30
0
0
0
0
0
0
0
30.5
0
0
0
0
0
0
17
0
0
0
0
0
0
4.5
0
0
13.5
0
0
0
65
40
0
7
0
0
0
0
0
0
0
0
0
0
0
0.5
0.5
0
7
4.5
3.5
0
0
0
0
0
0
27
23
0
0
0
0
3.5
0
0
1.5
0
0
1
5.5
0
0.5
0
0
0
0
0
52
19.5
0
0
0
7.5
21.5
0
0
0
0
0
0
0
0
18
123.5
61.5
6.5
4.5
2
13
16
1.5
0
0
0
0
0
0
0
0
6
0
5
5.5
0
7.5
13
27.5
0
1.5
0
2
5
1.5
0
7
0
9
3.5
4
0
0
0
0
0
0
2.5
6.5
53
0
0
0
7
0
0
3
0
0
0
0
0
0
0
0
0
0
0
0
0
45
0
0.5
0
19.5
0
1.5
0
0
0
0
0
0
0
0
0
0
5
7
0.5
26
0
38.5
0
0
0
0
9
5
2
1.5
81
4.5
0
0
0
0
0
0
0
0
0
0
0
0
8.5
5.5
0
0
0
0
0
5
0
0
0
148.5
123.5
0
0
0
0
0
0
49
14
9
0
0
0
0
0
1
26
5.5
0
0
3
0
0
0
0
0
9.5
0.5
0
0
0
2
0
0
1
0.5
0
3
0
0
0
0
0
0
0
17.5
0
0
0
0
10
44
1.5
0
8
1
11
0
0
5
0
0
0
0
0
0
1.5
0
0
0
0
18
0
0
0
21
0
0
0
0
0
0
0
0
5.5
0
0
